-123.83051300048828,
 -98.8583984375,
 -116.5068359375,
 -92.15135192871094,
 -88.73371887207031,
 -100.98986053466797,
 -81.22249603271484,
 -98.21540832519531,
 -127.51956939697266,
 -131.44882202148438,
 -124.65025329589844,
 -116.20816802978516,
 -61.86349868774414,
 -93.25726318359375,
 -91.71890258789062,
 -94.01568603515625,
 -111.51834869384766,
 -77.42327880859375,
 -95.18460845947266,
 -93.32532501220703,
 -90.14218139648438,
 -108.11395263671875,
 -137.4080047607422,
 -130.92416381835938,
 -114.71525573730469,
 -98.24365234375,
 -108.7219467163086,
 -91.64990234375,
 -106.17044830322266,
 -133.21197509765625,
 -100.90234375,
 -98.4674072265625,
 -90.92073059082031,
 -92.66871643066406,
 -108.53067016601562,
 -81.91979217529297,
 -90.33348846435547,
 -98.84242248535156,
 -110.22178649902344,
 -110.99372863769531,
 -120.15365600585938,
 -106.49329376220703,
 -87.09664916992188,
 -109.5851821899414,
 -97.060791015625,
 -102.31961822509766,
 -83.16214752197266,
 -109.267822265625,
 -132.99325561523438,
 -110.30488586425781,
 -112.77459716796875,
 -112.14885711669922,
 -126.46577453613281,
 -132.9002227783203,
 -130.50965881347656,
 -141.0135955810547,
 -146.5820770263672,
 -119.5404052734375,
 -135.78150939941406,
 -131.85235595703125,
 -118.96102142333984,
 -120.72750854492188,
 -48.39776611328125,
 -144.00157165527344,
 -128.79168701171875,
 -85.27513885498047,
 -86.56614685058594,
 -105.08175659179688,
 -118.74435424804688,
 -107.9527587890625,
 -125.15862274169922,
 -107.9908447265625,
 -100.38248443603516,
 -98.09690856933594,
 -117.19082641601562,
 -121.26808166503906,
 -136.8978729248047,
 -79.9295883178711,
 -92.1541976928711,
 -116.03331756591797,
 -114.18357849121094,
 -109.10920715332031,
 -101.11012268066406,
 -100.67105102539062,
 -80.27526092529297,
 -100.35416412353516,
 -122.09967803955078,
 -104.49085998535156,
 -131.76065063476562,
 -135.8600311279297,
 -131.40512084960938,
 -124.31460571289062,
 -101.6080551147461,
 -100.64311981201172,
 -111.59611511230469,
 -122.86695861816406,
 -88.53471374511719,
 -123.23486328125,
 -105.307373046875,
 -53.710716247558594,
 -78.99198150634766,
 -114.87702941894531,
 -132.83311462402344,
 -124.0642318725586,
 -134.0825653076172,
 -127.94475555419922,
 -108.59159851074219,
 -133.49993896484375,
 -105.35713195800781,
 -130.30941772460938,
 -127.04757690429688,
 -123.35733032226562,
 -115.69058990478516,
 -106.81171417236328,
 -121.94351959228516,
 -132.9979705810547,
 -112.78825378417969,
 -95.90345001220703,
 -129.92361450195312,
 -131.0790252685547,
 -132.00584411621094,
 -133.52783203125,
 -101.68196868896484,
 -109.67383575439453,
 -123.78150939941406,
 -110.08139038085938,
 -124.2613525390625,
 -120.59046173095703,
 -140.4891815185547,
 -103.61647033691406,
 -131.99246215820312,
 -79.70913696289062,
 -126.01165008544922,
 -90.49623107910156,
 -112.64598846435547,
 -108.57511901855469,
 -114.4231948852539,
 -127.0395278930664,
 -118.31019592285156,
 -105.81623840332031,
 -108.56413269042969,
 -84.65874481201172,
 -107.95774841308594,
 -105.34391021728516,
 -123.02931213378906,
 -138.9199676513672,
 -137.08148193359375,
 -110.43623352050781,
 -119.78627014160156,
 -154.35791015625,
 -111.48087310791016,
 -101.93470001220703,
 -115.27006530761719,
 -127.19763946533203,
 -135.29437255859375,
 -148.11317443847656,
 -103.51123809814453,
 -124.02711486816406,
 -118.98529815673828,
 -85.15808868408203,
 -112.4283447265625,
 -87.79490661621094,
 -92.10456848144531,
 -130.36488342285156,
 -123.73600769042969,
 -130.49473571777344,
 -132.3500518798828,
 -110.12600708007812,
 -121.22557067871094,
 -76.97230529785156,
 -114.83495330810547,
 -68.63578033447266,
 -117.31790924072266,
 -124.01953125,
 -103.55216217041016,
 -122.67894744873047,
 -122.79007720947266,
 -119.45231628417969,
 -96.63910675048828,
 -148.29856872558594,
 -138.9605255126953,
 -108.60523223876953,
 -113.54780578613281,
 -118.63536834716797,
 -132.9427947998047,
 -137.25828552246094,
 -145.84669494628906,
 -120.68528747558594,
 -139.66160583496094,
 -108.55622863769531,
 -127.50672912597656,
 -101.57972717285156,
 -120.00576782226562,
 -130.43020629882812,
 -140.6009979248047,
 -123.08522033691406,
 -124.43084716796875,
 -139.30563354492188,
 -62.59461975097656,
 -109.9775619506836,
 -116.75432586669922,
 -136.18682861328125,
 -100.34442138671875,
 -106.20390319824219,
 -131.45852661132812,
 -102.42194366455078,
 -120.03628540039062,
 -130.5707550048828,
 -111.68811798095703,
 -134.6305694580078,
 -102.83876037597656,
 -132.6776123046875,
 -145.46360778808594,
 -137.4350128173828,
 -106.72526550292969,
 -136.7020263671875,
 -128.13211059570312,
 -143.72268676757812,
 -135.22117614746094,
 -125.57808685302734,
 -89.58472442626953,
 -111.33873748779297,
 -128.5456085205078,
 -112.35305786132812,
 -128.47647094726562,
 -89.89746856689453,
 -111.02175903320312,
 -103.91512298583984,
 -116.18252563476562,
 -99.40058135986328,
 -97.21149444580078,
 -109.76158905029297,
 -117.0213851928711,
 -98.60520935058594,
 -104.87662506103516,
 -101.14289093017578,
 -98.70142364501953,
 -112.56314849853516,
 -111.51599884033203,
 -105.5351791381836,
 -125.41810607910156,
 -112.27381134033203,
 -97.92366027832031,
 -107.62235260009766,
 -109.13096618652344,
 -136.5124053955078,
 -136.8229217529297,
 -124.97686767578125,
 -148.38658142089844,
 -118.47187805175781,
 -115.67526245117188,
 -100.7071304321289,
 -117.63133239746094,
 -131.7854766845703,
 -97.98262786865234,
 -133.6356201171875,
 -138.16201782226562,
 -106.22344970703125,
 -125.12049102783203,
 -119.18643951416016,
 -116.14481353759766,
 -129.72238159179688,
 -138.46249389648438,
 -118.55504608154297,
 -139.1631317138672,
 -135.54287719726562,
 -109.04460906982422,
 -106.6839828491211,
 -133.57412719726562,
 -120.14083862304688,
 -96.00162506103516,
 -114.94246673583984,
 -93.398681640625,
 -98.27561950683594,
 -106.12846374511719,
 -120.70982360839844,
 -95.33171844482422,
 -82.91524505615234,
 -118.55513763427734,
 -112.16326141357422,
 -113.10652160644531,
 -107.7119369506836,
 -122.90898895263672,
 -134.9378204345703,
 -148.0944366455078,
 -141.88690185546875,
 -119.7576904296875,
 -148.8831024169922,
 -103.89789581298828,
 -134.65829467773438,
 -127.05683898925781,
 -128.80836486816406,
 -137.63345336914062,
 -77.74151611328125,
 -148.29541015625,
 -123.02728271484375,
 -137.1104736328125,
 -143.09036254882812,
 -116.56395721435547,
 -98.24513244628906,
 -102.05345916748047,
 -113.4354248046875,
 -106.58206939697266,
 -137.88372802734375,
 -88.90817260742188,
 -94.75115966796875,
 -103.6040267944336,
 -125.30280303955078,
 -105.44331359863281,
 -122.29319763183594,
 -125.53617858886719,
 -109.17339324951172,
 -104.81669616699219,
 -99.94256591796875,
 -124.4037094116211,
 -137.20555114746094,
 -140.6499786376953,
 -124.10647583007812,
 -118.69821166992188,
 -118.0135498046875,
 -113.00545501708984,
 -107.61880493164062,
 -133.5437774658203,
 -106.0794677734375,
 -68.56491088867188,
 -112.19218444824219,
 -132.7978057861328,
 -118.86649322509766,
 -95.86609649658203,
 -126.6642074584961,
 -108.49434661865234,
 -125.12415313720703,
 -147.89620971679688,
 -142.56381225585938,
 -115.62869262695312,
 -102.31238555908203,
 -110.41215515136719,
 -93.12825775146484,
 -95.4632797241211,
 -109.49280548095703,
 -128.4236297607422,
 -113.91808319091797,
 -120.03038024902344,
 -140.53860473632812,
 -117.31143951416016,
 -120.54182434082031,
 -106.43573760986328,
 -120.94119262695312,
 -141.88388061523438,
 -139.7816619873047,
 -121.36761474609375,
 -126.82469177246094,
 -133.0775146484375,
 -119.10322570800781,
 -110.01162719726562,
 -138.66461181640625,
 -113.7557601928711,
 -132.02012634277344,
 -153.2547149658203,
 -140.39935302734375,
 -103.13277435302734,
 -113.9141845703125,
 -131.1518096923828,
 -128.6331787109375,
 -130.4369354248047,
 -137.9484100341797,
 -131.44757080078125,
 -106.74658966064453,
 -121.82318878173828,
 -118.12480163574219,
 -125.0672607421875,
 -118.71817016601562,
 -126.62382507324219,
 -125.47430419921875,
 -119.83507537841797,
 -141.26292419433594,
 -103.30551147460938,
 -101.61479949951172,
 -110.0835952758789,
 -122.18314361572266,
 -110.94854736328125,
 -134.77059936523438,
 -131.5995330810547,
 -120.98685455322266,
 -143.14144897460938,
 -139.4385223388672,
 -108.4489974975586,
 -114.99673461914062,
 -125.35850524902344,
 -119.43932342529297,
 -137.9651336669922,
 -115.93215942382812,
 -118.28467559814453,
 -116.33768463134766,
 -128.01626586914062,
 -125.46868896484375,
 -110.67731475830078,
 -114.57752227783203,
 -109.71040344238281,
 -119.17606353759766,
 -126.95475006103516,
 -78.62703704833984,
 -102.7082748413086,
 -139.48692321777344,
 -149.80560302734375,
 -98.2252426147461,
 -109.5514907836914,
 -112.20594787597656,
 -109.6505355834961,
 -102.51338195800781,
 -110.97872924804688,
 -105.270263671875,
 -116.9829330444336,
 -143.02322387695312,
 -131.1260986328125,
 -116.30889892578125,
 -128.5594024658203,
 -105.8049087524414,
 -111.45696258544922,
 -117.82275390625,
 -141.4967803955078,
 -123.74334716796875,
 -133.37889099121094,
 -153.2627410888672,
 -114.36103820800781,
 -108.20629119873047,
 -109.59176635742188,
 -119.18382263183594,
 -121.65018463134766,
 -128.54388427734375,
 -111.43989562988281,
 -136.65110778808594,
 -138.7471466064453,
 -136.2188720703125,
 -71.42601776123047,
 -128.56173706054688,
 -117.35323333740234,
 -127.70236206054688,
 -152.94139099121094,
 -122.75812530517578,
 -110.4933090209961,
 -89.54168701171875,
 -111.02790069580078,
 -129.19639587402344,
 -142.03836059570312,
 -125.20055389404297,
 -107.31473541259766,
 -110.95337677001953,
 -126.0514144897461,
 -106.2867660522461,
 -134.7777099609375,
 -119.9874496459961,
 -138.17385864257812,
 -136.27877807617188,
 -117.6956787109375,
 -121.89015197753906,
 -125.27411651611328,
 -116.33185577392578,
 -131.64356994628906,
 -140.86947631835938,
 -138.88427734375,
 -132.02670288085938,
 -127.566650390625,
 -112.09481811523438,
 -117.36261749267578,
 -130.53041076660156,
 -140.43482971191406,
 -147.5485382080078,
 -106.55685424804688,
 -127.04132843017578,
 -135.77516174316406,
 -146.41151428222656,
 -139.34042358398438,
 -122.40403747558594,
 -130.50750732421875,
 -137.28045654296875,
 -110.84175872802734,
 -111.2033462524414,
 -131.6465301513672,
 -114.08434295654297,
 -119.91603088378906,
 -129.816162109375,
 -145.79473876953125,
 -116.29434204101562,
 -119.61162567138672,
 -111.6151123046875,
 -108.85623168945312,
 -126.9749984741211,
 -114.87479400634766,
 -120.06586456298828,
 -124.17439270019531,
 -117.69865417480469,
 -97.05525970458984,
 -122.88428497314453,
 -137.42733764648438,
 -102.39479064941406,
 -115.4189682006836,
 -132.6770782470703,
 -126.22139739990234,
 -135.43661499023438,
 -139.6077880859375,
 -107.3171615600586,
 -115.51789855957031,
 -122.41845703125,
 -130.22938537597656,
 -100.25762939453125,
 -108.76546478271484,
 -133.0516815185547,
 -143.43960571289062,
 -121.51802062988281,
 -120.782958984375,
 -140.3470458984375,
 -143.23377990722656,
 -101.05603790283203,
 -126.29930877685547,
 -152.5076141357422,
 -113.88152313232422,
 -138.7554168701172,
 -128.05062866210938,
 -125.19544982910156,
 -109.28762817382812,
 -147.24781799316406,
 -154.7061767578125,
 -134.69020080566406,
 -109.3580551147461,
 -86.42384338378906,
 -96.55612182617188,
 -87.77727508544922,
 -102.98005676269531,
 -122.59254455566406,
 -134.0203399658203,
 -137.7764434814453,
 -110.40061950683594,
 -123.78384399414062,
 -132.2798614501953,
 -109.84744262695312,
 -162.69749450683594,
 -129.13720703125,
 -142.1240997314453,
 -148.5015411376953,
 -103.39198303222656,
 -132.73275756835938,
 -113.9697265625,
 -107.05192565917969,
 -128.11976623535156,
 -93.11842346191406,
 -136.94004821777344,
 -134.04042053222656,
 -134.21636962890625,
 -119.64887237548828,
 -126.46585845947266,
 -96.27812194824219,
 -109.39229583740234,
 -93.44377899169922,
 -113.02523040771484,
 -116.98247528076172,
 -116.76077270507812,
 -141.18968200683594,
 -103.4313735961914,
 -82.75984191894531,
 -91.98645782470703,
 -131.39361572265625,
 -94.4980697631836,
 -122.86165618896484,
 -119.16101837158203,
 -119.34998321533203,
 -64.9481201171875,
 -110.49003601074219,
 -110.2248306274414,
 -97.68509674072266,
 -132.90892028808594,
 -128.9062042236328,
 -111.07567596435547,
 -123.78204345703125,
 -124.2840347290039,
 -115.332763671875,
 -127.21398162841797,
 -139.1248016357422,
 -134.4208984375,
 -118.00170135498047,
 -130.1128387451172,
 -118.55055236816406,
 -132.47201538085938,
 -122.27649688720703,
 -98.05217742919922,
 -110.4188003540039,
 -128.84104919433594,
 -123.76708984375,
 -132.39402770996094,
 -97.71868133544922,
 -103.0201187133789,
 -133.77001953125,
 -116.28770446777344,
 -134.68418884277344,
 -126.54876708984375,
 -125.3858413696289,
 -135.19725036621094,
 -137.78379821777344,
 -125.03597259521484,
 -124.21553802490234,
 -133.3185272216797,
 -133.67596435546875,
 -153.91314697265625,
 -129.40350341796875,
 -123.609375,
 -131.91513061523438,
 -142.8341827392578,
 -128.97328186035156,
 -134.87765502929688,
 -116.00923156738281,
 -122.3086166381836,
 -135.28695678710938,
 -138.8931884765625,
 -136.99366760253906,
 -118.36442565917969,
 -123.19464874267578,
 -134.16920471191406,
 -152.78953552246094,
 -155.00222778320312,
 -158.1561279296875,
 -122.50659942626953,
 -127.09310913085938,
 -127.93402099609375,
 -117.5887680053711,
 -134.58592224121094,
 -126.90086364746094,
 -168.17022705078125,
 -130.82012939453125,
 -136.07437133789062,
 -114.61505889892578,
 -105.58549499511719,
 -127.95252990722656,
 -128.0046844482422,
 -103.01660919189453,
 -106.31209564208984,
 -135.21279907226562,
 -112.26924896240234,
 -95.65110778808594,
 -101.50364685058594,
 -138.9627227783203,
 -150.7218780517578,
 -152.56735229492188,
 -140.52415466308594,
 -137.84329223632812,
 -122.91053009033203,
 -140.7889862060547,
 -142.3433837890625,
 -145.27908325195312,
 -142.71751403808594,
 -131.1698455810547,
 -129.33474731445312,
 -143.48687744140625,
 -134.74717712402344,
 -124.2334976196289,
 -124.4838638305664,
 -140.0138702392578,
 -115.7703857421875,
 -148.8617706298828,
 -132.17222595214844,
 -131.72857666015625,
 -142.8859100341797,
 -125.23184204101562,
 -131.1916046142578,
 -127.9160385131836,
 -138.86814880371094,
 -118.51188659667969,
 -115.12794494628906,
 -113.68440246582031,
 -120.190673828125,
 -122.74043273925781,
 -116.04912567138672,
 -108.65324401855469,
 -152.8645782470703,
 -130.4619598388672,
 -139.41018676757812,
 -152.74415588378906,
 -140.0459747314453,
 -113.00873565673828,
 -128.11813354492188,
 -121.76946258544922,
 -133.8865203857422,
 -148.69203186035156,
 -111.70187377929688,
 -125.03740692138672,
 -115.98816680908203,
 -142.02774047851562,
 -139.8442840576172,
 -124.44287109375,
 -120.90187072753906,
 -135.3040008544922,
 -131.9740447998047,
 -117.98296356201172,
 -121.86927032470703,
 -136.33804321289062,
 -131.75491333007812,
 -141.3581085205078,
 -117.03731536865234,
 -133.8439178466797,
 -138.12832641601562,
 -117.51545715332031,
 -155.05374145507812,
 -118.91368103027344,
 -153.2313232421875,
 -118.59443664550781,
 -138.6163787841797,
 -96.57331085205078,
 -118.13995361328125,
 -129.10858154296875,
 -94.943603515625,
 -107.34537506103516,
 -119.38863372802734,
 -118.68316650390625,
 -147.11705017089844,
 -131.77464294433594,
 -129.05589294433594,
 -113.54301452636719,
 -90.34976959228516,
 -100.27880859375,
 -127.068603515625,
 -112.67562103271484,
 -141.05587768554688,
 -118.53553009033203,
 -140.45065307617188,
 -103.77503967285156,
 -111.99688720703125,
 -126.35662078857422,
 -114.35968017578125,
 -129.29286193847656,
 -128.6627655029297,
 -128.689208984375,
 -133.2290496826172,
 -107.21954345703125,
 -102.09986877441406,
 -131.03445434570312,
 -130.37924194335938,
 -153.10836791992188,
 -90.96837615966797,
 -119.51134490966797,
 -123.62919616699219,
 -125.95828247070312,
 -118.41317749023438,
 -103.8208999633789,
 -111.07942962646484,
 -134.99078369140625,
 -124.24880981445312,
 -109.10601806640625,
 -125.73063659667969,
 -137.08302307128906,
 -139.28604125976562,
 -127.19038391113281,
 -120.58506774902344,
 -142.68020629882812,
 -93.65211486816406,
 -142.25558471679688,
 -92.05352783203125,
 -131.5096435546875,
 -122.36394500732422,
 -116.7763671875,
 -137.10667419433594,
 -125.05555725097656,
 -114.4700927734375,
 -87.36309051513672,
 -101.46855926513672,
 -121.05786895751953,
 -123.40811157226562,
 -127.43622589111328,
 -112.50176239013672,
 -104.35218048095703,
 -126.91964721679688,
 -110.27522277832031,
 -101.93907928466797,
 -125.4448013305664,
 -142.28201293945312,
 -135.60174560546875,
 -133.02711486816406,
 -126.37934875488281,
 -138.44369506835938,
 -116.1399154663086,
 -107.68666076660156,
 -132.46115112304688,
 -111.76624298095703,
 -142.23631286621094,
 -132.5033721923828,
 -105.18707275390625,
 -144.93748474121094,
 -123.71064758300781,
 -101.04740905761719,
 -113.59622955322266,
 -123.66986083984375,
 -103.0583267211914,
 -118.01888275146484,
 -126.9073715209961,
 -138.23306274414062,
 -132.99256896972656,
 -98.0525894165039,
 -131.11549377441406,
 -143.88059997558594,
 -144.55722045898438,
 -135.34768676757812,
 -98.61676788330078,
 -130.43978881835938,
 -114.44926452636719,
 -104.49793243408203,
 -108.58769989013672,
 -114.12638854980469,
 -87.6432876586914,
 -123.97464752197266,
 -119.07735443115234,
 -118.47483825683594,
 -110.61961364746094,
 -100.29100036621094,
 -132.11671447753906,
 -137.54971313476562,
 -115.12646484375,
 -105.57207489013672,
 -104.67051696777344,
 -91.46660614013672,
 -110.56017303466797,
 -140.33258056640625,
 -103.12255096435547,
 -125.38216400146484,
 -141.75518798828125,
 -142.5457000732422,
 -133.10430908203125,
 -110.71238708496094,
 -114.50971221923828,
 -128.1441192626953,
 -104.98320007324219,
 -95.57011413574219,
 -97.227294921875,
 -109.94972229003906,
 -123.63715362548828,
 -94.81513977050781,
 -122.95526885986328,
 -106.22659301757812,
 -130.91236877441406,
 -145.35528564453125,
 -134.7558135986328,
 -134.3634796142578,
 -142.02816772460938,
 -128.66390991210938,
 -125.49226379394531,
 -128.24559020996094,
 -121.76128387451172,
 -129.48480224609375,
 -109.0964126586914,
 -117.01411437988281,
 -163.00820922851562,
 -131.62416076660156,
 -104.0337142944336,
 -111.00373840332031,
 -106.61455535888672,
 -109.97099304199219,
 -119.12939453125,
 -127.65575408935547,
 -121.11760711669922,
 -135.70614624023438,
 -124.84471130371094,
 -123.94989013671875,
 -134.4081573486328,
 -88.84742736816406,
 -129.49209594726562,
 -142.5398406982422,
 -117.45153045654297,
 -118.82684326171875,
 -100.32072448730469,
 -132.16323852539062,
 -139.25926208496094,
 -155.0832061767578,
 -135.65899658203125,
 -129.185791015625,
 -147.1866455078125,
 -109.95794677734375,
 -118.76248168945312,
 -120.47095489501953,
 -100.83198547363281,
 -115.82532501220703,
 -115.31124114990234,
 -108.55105590820312,
 -119.81578826904297,
 -117.36356353759766,
 -108.34951782226562,
 -138.54946899414062,
 -100.871826171875,
 -116.66194152832031,
 -141.10423278808594,
 -111.55482482910156,
 -105.913818359375,
 -130.59591674804688,
 -145.19900512695312,
 -126.31049346923828,
 -150.135498046875,
 -135.94602966308594,
 -117.23591613769531,
 76.01236724853516,
 -117.86860656738281,
 -134.1752471923828,
 -120.18061828613281,
 -140.7585906982422,
 -130.70928955078125,
 -128.6334686279297,
 -128.95693969726562,
 -141.45321655273438,
 -139.8865509033203,
 -110.36233520507812,
 -96.429443359375,
 -143.9715576171875,
 -118.04520416259766,
 -113.03372955322266,
 -108.3582763671875,
 -109.02090454101562,
 -99.42542266845703,
 -126.76033020019531,
 -111.80302429199219,
 -96.50121307373047,
 -109.0617904663086,
 -135.68991088867188,
 -115.20816802978516,
 72.6466064453125,
 -106.57967376708984,
 -112.96269989013672,
 -108.99092102050781,
 -98.03846740722656,
 -123.74131774902344,
 -110.26152801513672,
 -96.71724700927734,
 -143.32318115234375,
 -110.07077026367188,
 -126.84832763671875,
 -123.25567626953125,
 -127.61212921142578,
 -137.0795135498047,
 -136.52435302734375,
 -110.6116714477539,
 -141.798095703125,
 -118.22132873535156,
 -132.2318115234375,
 -103.83821868896484,
 -120.04801177978516,
 -126.13642120361328,
 -120.47438049316406,
 -144.16165161132812,
 -127.92369842529297,
 -116.99359130859375